840 740
393 293
151 51
854 754
284 184
626 526
105 5
119 19
224 124
973 873
489 389
789 689
686 586
1009 909
903 803
1072 972
1061 961
673 573
548 448
1051 951
600 500
652 552
474 374
434 334
251 151
630 530
520 420
976 876
599 499
145 45
753 653
614 514
804 704
964 864
793 693
151 51
800 700
1002 902
879 779
398 298
784 684
208 108
133 33
377 277
575 475
374 274
543 443
654 554
386 286
579 479
383 283
973 873
1017 917
277 177
592 492
374 274
1094 994
1078 978
137 37
402 302
512 412
486 386
798 698
1004 904
801 701
578 478
924 824
507 407
749 649
1031 931
627 527
326 226
755 655
924 824
413 313
313 213
451 351
725 625
765 665
686 586