1020 920
263 163
1082 982
137 37
276 176
522 422
832 732
547 447
617 517
197 97
188 88
744 644
1040 940
1094 994
182 82
691 591
508 408
216 116
485 385
1054 954
967 867
311 211
526 426
970 870
483 383
854 754
933 833
726 626
338 238
249 149
652 552
395 295
395 295
475 375
835 735
845 745
518 418
1089 989
148 48
543 443
609 509
931 831
910 810
974 874
810 710
695 595
171 71
623 523
1056 956
160 60
577 477
606 506
1078 978
428 328
1054 954
854 754
616 516
903 803
460 360
668 568
237 137
273 173
419 319
906 806
362 262
105 5
452 352
262 162
198 98
260 160
986 886
259 159
1034 934
166 66
872 772
1063 963
968 868
775 675
225 125
756 656
257 157
517 417
1083 983
741 641
1041 941
688 588
369 269
490 390
732 632
771 671