446 346
689 589
854 754
594 494
288 188
999 899
459 359
626 526
1096 996
125 25
1002 902
685 585
853 753
108 8
376 276
142 42
146 46
430 330
242 142
1097 997
1098 998
470 370
307 207
572 472
225 125
600 500
972 872
486 386
612 512
779 679
618 518
851 751
456 356
467 367
435 335
114 14
940 840
1053 953
835 735
1100 1000
1055 955
781 681
676 576
720 620
632 532
652 552
532 432
656 556
893 793
367 267
792 692
556 456
919 819
958 858
338 238
204 104
614 514
733 633
498 398
826 726
976 876
115 15
459 359
141 41
809 709
291 191
1054 954
542 442
168 68
662 562